matrix a:
8 0 5 8 9 0 1 4 7 1
6 3 9 3 7 1 8 0 0 5
6 3 5 7 9 4 7 5 8 0
8 8 7 1 4 8 3 2 2 6
2 6 2 1 4 8 7 6 1 4
3 0 9 7 3 3 1 1 1 2
0 7 1 3 4 2 3 2 3 6
0 3 3 3 9 3 8 6 5 3
6 4 3 7 3 8 5 9 4 6
3 2 6 6 4 6 4 1 2 9

matrix b:
0 0 3 5 2 3 1 2 2 1
2 0 1 7 2 2 2 9 6 4
4 1 3 6 1 0 7 0 1 3
2 3 6 0 2 1 4 1 6 4
7 9 2 4 8 1 4 1 9 5
5 1 7 2 3 1 6 9 4 1
0 0 5 1 7 6 8 5 2 6
0 5 0 2 9 1 2 2 1 0
8 6 6 2 4 0 1 2 2 3
8 4 9 2 2 8 3 3 9 5

matrix a @ b:
163 176 161 131 182 59 137 63 179 132
142 102 172 153 158 123 200 113 185 166
187 184 207 158 247 91 209 152 209 176
178 100 204 193 156 121 189 206 211 147
130 101 165 125 191 111 177 196 174 129
110 79 134 96 86 45 141 58 119 95
134 100 137 100 122 91 110 131 173 122
166 168 166 117 232 99 183 137 191 159
175 152 238 147 229 131 203 199 221 154
186 119 228 121 141 126 188 141 214 154

