matrix a:
8 0 5 8 9 0 1 4 7 1
6 3 9 3 7 1 8 0 0 5
6 3 5 7 9 4 7 5 8 0
8 8 7 1 4 8 3 2 2 6
2 6 2 1 4 8 7 6 1 4
3 0 9 7 3 3 1 1 1 2
0 7 1 3 4 2 3 2 3 6
0 3 3 3 9 3 8 6 5 3
6 4 3 7 3 8 5 9 4 6
3 2 6 6 4 6 4 1 2 9

matrix b:
0 0 3 5 2 3 1 2 2 1
2 0 1 7 2 2 2 9 6 4
4 1 3 6 1 0 7 0 1 3
2 3 6 0 2 1 4 1 6 4
7 9 2 4 8 1 4 1 9 5
5 1 7 2 3 1 6 9 4 1
0 0 5 1 7 6 8 5 2 6
0 5 0 2 9 1 2 2 1 0
8 6 6 2 4 0 1 2 2 3
8 4 9 2 2 8 3 3 9 5

matrix a + b:
8 0 8 13 11 3 2 6 9 2
8 3 10 10 9 3 10 9 6 9
10 4 8 13 10 4 14 5 9 3
10 11 13 1 6 9 7 3 8 10
9 15 4 5 12 9 11 7 10 9
8 1 16 9 6 4 7 10 5 3
0 7 6 4 11 8 11 7 5 12
0 8 3 5 18 4 10 8 6 3
14 10 9 9 7 8 6 11 6 9
11 6 15 8 6 14 7 4 11 14

