matrix a:
8 0 5 8 9 0 1 4 7 1
6 3 9 3 7 1 8 0 0 5
6 3 5 7 9 4 7 5 8 0
8 8 7 1 4 8 3 2 2 6
2 6 2 1 4 8 7 6 1 4
3 0 9 7 3 3 1 1 1 2
0 7 1 3 4 2 3 2 3 6
0 3 3 3 9 3 8 6 5 3
6 4 3 7 3 8 5 9 4 6
3 2 6 6 4 6 4 1 2 9

matrix b:
0 0 3 5 2 3 1 2 2 1
2 0 1 7 2 2 2 9 6 4
4 1 3 6 1 0 7 0 1 3
2 3 6 0 2 1 4 1 6 4
7 9 2 4 8 1 4 1 9 5
5 1 7 2 3 1 6 9 4 1
0 0 5 1 7 6 8 5 2 6
0 5 0 2 9 1 2 2 1 0
8 6 6 2 4 0 1 2 2 3
8 4 9 2 2 8 3 3 9 5

matrix a * b:
0 0 15 40 18 0 1 8 14 1
12 0 9 21 14 2 16 0 0 20
24 3 15 42 9 0 49 0 8 0
16 24 42 0 8 8 12 2 12 24
14 54 4 4 32 8 28 6 9 20
15 0 63 14 9 3 6 9 4 2
0 0 5 3 28 12 24 10 6 36
0 15 0 6 81 3 16 12 5 0
48 24 18 14 12 0 5 18 8 18
24 8 54 12 8 48 12 3 18 45

