matrix a:
2 4 9 5 3 9 6 5 7 3
7 9 7 5 0 2 7 8 4 8
5 3 2 2 9 2 5 5 7 7
9 0 8 8 4 2 7 0 6 1
4 3 6 6 9 7 7 0 9 8
1 1 7 3 9 1 6 6 3 8
3 9 3 7 2 6 4 3 0 7
8 1 0 4 6 7 0 8 2 3
9 0 5 0 2 3 7 0 3 1
7 5 0 6 9 6 3 9 5 8

matrix b:
6 1 5 1 2 7 1 8 9 8
6 3 5 3 8 4 1 2 5 9
5 7 9 3 0 4 5 3 0 0
8 1 3 9 9 1 3 2 9 3
5 5 8 6 0 5 2 9 2 2
9 0 3 3 6 8 2 3 6 0
1 9 3 4 8 3 8 5 7 9
0 4 3 7 6 7 5 0 1 2
3 7 7 6 2 9 5 8 6 9
0 4 2 7 6 1 6 1 4 2

matrix a + b:
8 5 14 6 5 16 7 13 16 11
13 12 12 8 8 6 8 10 9 17
10 10 11 5 9 6 10 8 7 7
17 1 11 17 13 3 10 2 15 4
9 8 14 12 9 12 9 9 11 10
10 1 10 6 15 9 8 9 9 8
4 18 6 11 10 9 12 8 7 16
8 5 3 11 12 14 5 8 3 5
12 7 12 6 4 12 12 8 9 10
7 9 2 13 15 7 9 10 9 10

