matrix a:
2 4 9 5 3 9 6 5 7 3
7 9 7 5 0 2 7 8 4 8
5 3 2 2 9 2 5 5 7 7
9 0 8 8 4 2 7 0 6 1
4 3 6 6 9 7 7 0 9 8
1 1 7 3 9 1 6 6 3 8
3 9 3 7 2 6 4 3 0 7
8 1 0 4 6 7 0 8 2 3
9 0 5 0 2 3 7 0 3 1
7 5 0 6 9 6 3 9 5 8

matrix b:
6 1 5 1 2 7 1 8 9 8
6 3 5 3 8 4 1 2 5 9
5 7 9 3 0 4 5 3 0 0
8 1 3 9 9 1 3 2 9 3
5 5 8 6 0 5 2 9 2 2
9 0 3 3 6 8 2 3 6 0
1 9 3 4 8 3 8 5 7 9
0 4 3 7 6 7 5 0 1 2
3 7 7 6 2 9 5 8 6 9
0 4 2 7 6 1 6 1 4 2

matrix a * b:
12 4 45 5 6 63 6 40 63 24
42 27 35 15 0 8 7 16 20 72
25 21 18 6 0 8 25 15 0 0
72 0 24 72 36 2 21 0 54 3
20 15 48 36 0 35 14 0 18 16
9 0 21 9 54 8 12 18 18 0
3 81 9 28 16 18 32 15 0 63
0 4 0 28 36 49 0 0 2 6
27 0 35 0 4 27 35 0 18 9
0 20 0 42 54 6 18 9 20 16

