matrix a:
2 4 9 5 3 9 6 5 7 3
7 9 7 5 0 2 7 8 4 8
5 3 2 2 9 2 5 5 7 7
9 0 8 8 4 2 7 0 6 1
4 3 6 6 9 7 7 0 9 8
1 1 7 3 9 1 6 6 3 8
3 9 3 7 2 6 4 3 0 7
8 1 0 4 6 7 0 8 2 3
9 0 5 0 2 3 7 0 3 1
7 5 0 6 9 6 3 9 5 8

matrix b:
6 1 5 1 2 7 1 8 9 8
6 3 5 3 8 4 1 2 5 9
5 7 9 3 0 4 5 3 0 0
8 1 3 9 9 1 3 2 9 3
5 5 8 6 0 5 2 9 2 2
9 0 3 3 6 8 2 3 6 0
1 9 3 4 8 3 8 5 7 9
0 4 3 7 6 7 5 0 1 2
3 7 7 6 2 9 5 8 6 9
0 4 2 7 6 1 6 1 4 2

matrix a @ b:
244 232 265 253 245 277 216 204 244 206
208 243 253 270 303 255 234 186 278 283
163 217 235 244 190 238 188 231 218 223
221 202 244 206 176 215 177 238 262 223
262 264 300 298 250 281 236 285 300 255
140 232 230 249 181 190 207 183 163 153
211 144 177 218 269 174 153 128 234 186
185 103 170 193 172 227 115 168 199 137
132 142 159 98 104 166 121 174 174 168
237 203 255 309 280 293 202 240 288 243

